[[365, 1, 5, 549], [20, 0, 9, 127], [367, 1, 0, 166], [188, 0, 0, 38], [287, 0, 0, 39], [99, 0, 0, 170], [556, 0, 0, 120], [170, 0, 9, 134], [0, 0, 139, 98], [0, 0, 147, 115], [95, 0, 0, 104], [322, 0, 0, 99], [0, 0, 58, 169], [92, 10, 0, 142], [405, 1, 0, 214], [36, 0, 0, 138], [232, 0, 3, 235], [0, 0, 0, 253], [23, 0, 0, 27], [483, 12, 0, 454], [114, 0, 0, 139], [225, 0, 113, 555], [525, 0, 0, 634], [222, 0, 0, 147], [651, 3, 0, 104], [582, 0, 1, 192], [473, 6, 1, 283], [291, 0, 0, 150], [93, 0, 2, 434], [164, 1, 0, 390], [243, 0, 0, 357], [91, 0, 7, 218], [0, 0, 0, 207], [0, 0, 1, 138], [908, 0, 0, 243], [311, 0, 0, 97], [91, 0, 0, 46], [263, 0, 0, 162], [192, 0, 158, 18], [56, 0, 12, 258], [157, 1, 80, 39], [8, 0, 0, 99], [186, 0, 0, 174], [0, 0, 57, 169], [15, 0, 1, 112], [96, 0, 0, 204], [0, 0, 293, 159], [261, 0, 0, 87], [0, 0, 119, 380], [147, 0, 11, 184], [241, 13, 0, 40], [0, 0, 137, 165], [205, 0, 0, 221], [71, 0, 95, 20], [242, 10, 0, 105], [0, 0, 28, 191], [168, 3, 0, 94], [92, 0, 0, 127], [378, 0, 0, 100], [273, 0, 349, 83]]
F-1 = 0.9656636666666664
F-B = 0.9809436666666667
G   = 0.8833333333333333
Det = 95.16605666666666
FBs = [0.9950926935659761, 0.9174311926605505, 0.9978249048395866, 1.0, 1.0, 1.0, 1.0, 0.9895227008149009, 1.0, 1.0, 1.0, 1.0, 1.0, 0.9199999999999999, 0.9980285855101034, 1.0, 0.997420464316423, 1.0, 1.0, 0.9805115712545677, 1.0, 0.9087237479806138, 1.0, 1.0, 0.9963269054178144, 0.9996564754379939, 0.9895397489539749, 1.0, 0.9957173447537475, 0.9951456310679612, 1.0, 0.9848484848484849, 1.0, 1.0, 1.0, 1.0, 1.0, 1.0, 0.8586762075134168, 0.958904109589041, 0.903337169159954, 1.0, 1.0, 1.0, 0.9868421052631579, 1.0, 1.0, 1.0, 1.0, 0.9852546916890079, 0.9586316626889418, 1.0, 1.0, 0.7888888888888889, 0.968, 1.0, 0.9859154929577464, 1.0, 1.0, 0.796382730455076]
Sub = []
SEN = 0.9955316666666667
SPE = 0.8865223333333332
BAC = 0.9410271666666666
ACC = 0.9109383333333333
PPV = 0.8121983333333334
NPV = 0.9909411666666669
