[[363, 3, 8, 546], [311, 0, 0, 97], [0, 0, 0, 253], [82, 20, 0, 142], [15, 0, 25, 88], [113, 1, 0, 139], [164, 1, 0, 390], [310, 12, 0, 99], [223, 29, 0, 105], [183, 3, 0, 174], [188, 0, 0, 38], [0, 0, 120, 379], [232, 0, 14, 224], [253, 1, 0, 40], [485, 10, 0, 454], [273, 0, 353, 79], [261, 0, 0, 87], [225, 0, 122, 546], [0, 0, 139, 98], [0, 0, 5, 134], [548, 8, 0, 120], [205, 0, 0, 221], [192, 0, 148, 28], [378, 0, 4, 96], [0, 0, 0, 207], [0, 0, 345, 107], [344, 24, 0, 166], [91, 0, 8, 217], [170, 0, 3, 140], [0, 0, 50, 176], [0, 0, 147, 115], [580, 2, 16, 177], [92, 0, 0, 127], [291, 0, 0, 150], [147, 0, 11, 184], [36, 0, 0, 138], [406, 0, 0, 214], [525, 0, 0, 634], [262, 1, 0, 162], [0, 0, 152, 150], [650, 4, 0, 104], [91, 0, 0, 46], [56, 0, 17, 253], [8, 0, 0, 99], [168, 3, 0, 94], [885, 23, 0, 243], [150, 8, 75, 44], [20, 0, 9, 127], [287, 0, 0, 39], [95, 0, 0, 104], [71, 0, 86, 29], [222, 0, 0, 147], [96, 0, 0, 204], [243, 0, 0, 357], [0, 0, 41, 186], [87, 6, 22, 414], [23, 0, 0, 27], [0, 0, 41, 178], [472, 7, 0, 284], [99, 0, 0, 170]]
F-1 = 0.9528365
F-B = 0.9706478333333334
G   = 0.8
Det = 91.94534833333334
FBs = [0.989100817438692, 1.0, 1.0, 0.8367346938775511, 0.75, 0.992970123022847, 0.9951456310679612, 0.969962453066333, 0.9057676685621445, 0.9870550161812298, 1.0, 1.0, 0.9880749574105623, 0.9968479117415288, 0.9837728194726165, 0.7945285215366704, 1.0, 0.9021651964715317, 1.0, 1.0, 0.9884559884559884, 1.0, 0.8664259927797833, 0.9978880675818373, 1.0, 1.0, 0.9471365638766519, 0.982721382289417, 0.9964830011723329, 1.0, 1.0, 0.9917920656634748, 1.0, 1.0, 0.9852546916890079, 1.0, 1.0, 1.0, 0.9969558599695585, 1.0, 0.9951010410287814, 1.0, 0.9427609427609428, 1.0, 0.9859154929577464, 0.9796324994465353, 0.8751458576429404, 0.9174311926605505, 1.0, 1.0, 0.8049886621315193, 1.0, 1.0, 1.0, 1.0, 0.9043659043659045, 1.0, 1.0, 0.9882747068676716, 1.0]
Sub = []
SEN = 0.9887111666666667
SPE = 0.8798605
BAC = 0.9342856666666666
ACC = 0.9015956666666668
PPV = 0.8053778333333335
NPV = 0.9820201666666667
