[[0, 0, 137, 362], [225, 0, 308, 360], [92, 0, 0, 127], [91, 0, 0, 46], [378, 0, 0, 100], [99, 0, 0, 170], [20, 0, 52, 84], [183, 3, 0, 174], [205, 0, 27, 194], [556, 0, 0, 120], [492, 3, 0, 454], [192, 0, 176, 0], [0, 0, 30, 177], [0, 0, 66, 160], [102, 0, 0, 142], [71, 0, 110, 5], [654, 0, 0, 104], [273, 0, 426, 6], [287, 0, 0, 39], [158, 0, 95, 24], [0, 0, 387, 65], [254, 0, 0, 40], [0, 0, 139, 98], [0, 0, 27, 112], [232, 0, 17, 221], [95, 0, 32, 72], [114, 0, 5, 134], [93, 0, 1, 435], [15, 0, 83, 30], [171, 0, 1, 93], [525, 0, 0, 634], [311, 0, 0, 97], [56, 0, 82, 188], [96, 0, 13, 191], [243, 0, 0, 357], [322, 0, 0, 99], [0, 0, 147, 115], [250, 2, 0, 105], [263, 0, 2, 160], [0, 0, 0, 253], [188, 0, 0, 38], [170, 0, 19, 124], [91, 0, 94, 131], [0, 0, 182, 37], [908, 0, 0, 243], [147, 0, 28, 167], [365, 1, 26, 528], [261, 0, 0, 87], [222, 0, 0, 147], [474, 5, 34, 250], [0, 0, 176, 126], [367, 1, 0, 166], [23, 0, 0, 27], [165, 0, 10, 380], [0, 0, 198, 29], [580, 2, 9, 184], [291, 0, 0, 150], [8, 0, 0, 99], [406, 0, 4, 210], [36, 0, 0, 138]]
F-1 = 0.9249501666666666
F-B = 0.9582824999999997
G   = 0.8333333333333334
Det = 92.07977499999998
FBs = [1.0, 0.7850662944870901, 1.0, 1.0, 1.0, 1.0, 0.6578947368421052, 0.9870550161812298, 0.9743346007604563, 1.0, 0.9951456310679612, 0.8450704225352113, 1.0, 1.0, 1.0, 0.7634408602150538, 1.0, 0.7621440536013401, 1.0, 0.8926553672316384, 1.0, 1.0, 1.0, 1.0, 0.9855564995751912, 0.9368836291913215, 0.9913043478260868, 0.9978540772532187, 0.4746835443037975, 0.9988317757009345, 1.0, 1.0, 0.7734806629834254, 0.973630831643002, 1.0, 1.0, 1.0, 0.9936406995230525, 0.9984813971146544, 1.0, 1.0, 0.9781357882623704, 0.8287795992714025, 1.0, 1.0, 0.9633027522935782, 0.9838274932614555, 1.0, 1.0, 0.9777227722772278, 1.0, 0.9978249048395866, 1.0, 0.9880239520958084, 1.0, 0.9941720946177581, 1.0, 1.0, 0.9980334316617503, 1.0]
Sub = []
SEN = 0.9991756666666667
SPE = 0.7933948333333333
BAC = 0.8962853333333334
ACC = 0.8382898333333333
PPV = 0.8158423333333334
NPV = 0.9819926666666666
