[[0, 0, 0, 253], [273, 0, 309, 123], [56, 0, 14, 256], [170, 0, 0, 143], [205, 0, 0, 221], [222, 0, 0, 147], [225, 0, 73, 595], [224, 28, 0, 105], [154, 4, 46, 73], [471, 8, 2, 282], [556, 0, 0, 120], [91, 0, 13, 212], [93, 0, 0, 436], [0, 0, 140, 162], [232, 0, 9, 229], [0, 0, 6, 133], [147, 0, 11, 184], [406, 0, 0, 214], [254, 0, 0, 40], [0, 0, 12, 207], [185, 3, 0, 38], [654, 0, 0, 104], [363, 3, 5, 549], [91, 11, 0, 142], [525, 0, 0, 634], [887, 21, 0, 243], [0, 0, 52, 174], [311, 0, 0, 97], [92, 0, 0, 127], [98, 1, 0, 170], [91, 0, 0, 46], [96, 0, 1, 203], [36, 0, 0, 138], [493, 2, 0, 454], [71, 0, 50, 65], [8, 0, 0, 99], [263, 0, 0, 162], [112, 2, 0, 139], [287, 0, 0, 39], [0, 0, 260, 192], [260, 62, 0, 99], [261, 0, 0, 87], [582, 0, 5, 188], [0, 0, 0, 207], [243, 0, 0, 357], [368, 0, 0, 166], [192, 0, 101, 75], [177, 9, 0, 174], [20, 0, 1, 135], [23, 0, 0, 27], [0, 0, 147, 115], [291, 0, 0, 150], [0, 0, 117, 382], [378, 0, 0, 100], [169, 2, 0, 94], [0, 0, 139, 98], [0, 0, 38, 189], [95, 0, 5, 99], [165, 0, 0, 390], [15, 0, 0, 113]]
F-1 = 0.9714703333333332
F-B = 0.9811874999999998
G   = 0.8666666666666667
Det = 94.68312499999999
FBs = [1.0, 0.8154121863799284, 0.9523809523809523, 1.0, 1.0, 1.0, 0.9390651085141903, 0.9090909090909091, 0.9254807692307693, 0.985768103809125, 1.0, 0.9722222222222222, 1.0, 1.0, 0.992301112061591, 1.0, 0.9852546916890079, 1.0, 1.0, 1.0, 0.9871931696905016, 1.0, 0.9907205240174675, 0.9118236472945891, 1.0, 0.9814118167736224, 1.0, 1.0, 1.0, 0.9919028340080973, 1.0, 0.997920997920998, 1.0, 0.9967650626769106, 0.8765432098765432, 1.0, 1.0, 0.9859154929577464, 1.0, 1.0, 0.8397932816537468, 1.0, 0.9982847341337906, 1.0, 1.0, 1.0, 0.9048067860508954, 0.9609120521172638, 0.9900990099009901, 1.0, 1.0, 1.0, 1.0, 1.0, 0.9906213364595546, 1.0, 1.0, 0.9895833333333334, 1.0, 1.0]
Sub = []
SEN = 0.9901236666666668
SPE = 0.9092964999999998
BAC = 0.9497103333333333
ACC = 0.921546
PPV = 0.8067903333333335
NPV = 0.9833393333333333
