[[155, 3, 72, 47], [165, 0, 0, 390], [168, 3, 0, 94], [273, 0, 330, 102], [0, 0, 134, 168], [556, 0, 0, 120], [311, 0, 0, 97], [23, 0, 0, 27], [192, 0, 170, 6], [254, 0, 0, 40], [205, 0, 0, 221], [232, 0, 10, 228], [8, 0, 0, 99], [0, 0, 56, 170], [186, 0, 0, 174], [582, 0, 4, 189], [261, 0, 0, 87], [20, 0, 7, 129], [0, 0, 147, 115], [147, 0, 11, 184], [263, 0, 0, 162], [0, 0, 307, 145], [71, 0, 98, 17], [366, 0, 4, 550], [99, 0, 0, 170], [287, 0, 0, 39], [91, 0, 21, 204], [170, 0, 12, 131], [15, 0, 0, 113], [476, 3, 14, 270], [0, 0, 18, 121], [0, 0, 121, 378], [218, 4, 0, 147], [243, 0, 0, 357], [93, 0, 0, 436], [56, 0, 22, 248], [91, 0, 0, 46], [0, 0, 139, 98], [368, 0, 0, 166], [250, 2, 0, 105], [102, 0, 0, 142], [494, 1, 0, 454], [225, 0, 225, 443], [114, 0, 0, 139], [36, 0, 0, 138], [525, 0, 0, 634], [322, 0, 0, 99], [95, 0, 0, 104], [654, 0, 0, 104], [406, 0, 0, 214], [0, 0, 21, 198], [188, 0, 0, 38], [92, 0, 0, 127], [0, 0, 0, 207], [291, 0, 0, 150], [0, 0, 0, 253], [378, 0, 0, 100], [906, 2, 0, 243], [0, 0, 57, 170], [96, 0, 0, 204]]
F-1 = 0.9636951666666668
F-B = 0.9816968333333332
G   = 0.8833333333333333
Det = 95.21877833333333
FBs = [0.9022118742724099, 1.0, 0.9859154929577464, 0.8053097345132743, 1.0, 1.0, 1.0, 1.0, 0.8495575221238938, 1.0, 1.0, 0.9914529914529915, 1.0, 1.0, 1.0, 0.998627316403569, 1.0, 0.9345794392523363, 1.0, 0.9852546916890079, 1.0, 1.0, 0.7836644591611479, 0.9978189749182114, 1.0, 1.0, 0.9558823529411765, 0.9860788863109049, 1.0, 0.9891936824605155, 1.0, 1.0, 0.9855334538878843, 1.0, 1.0, 0.9271523178807948, 1.0, 1.0, 1.0, 0.9936406995230525, 1.0, 0.9983831851253031, 0.8333333333333334, 1.0, 1.0, 1.0, 1.0, 1.0, 1.0, 1.0, 1.0, 1.0, 1.0, 1.0, 1.0, 1.0, 1.0, 0.9982371088585279, 1.0, 1.0]
Sub = []
SEN = 0.9987838333333332
SPE = 0.8792173333333333
BAC = 0.9390008333333333
ACC = 0.9075030000000001
PPV = 0.8154505
NPV = 0.9973756666666667
