[[0, 0, 41, 186], [907, 1, 0, 243], [556, 0, 0, 120], [8, 0, 0, 99], [221, 1, 0, 147], [232, 0, 7, 231], [0, 0, 147, 115], [378, 0, 0, 100], [291, 0, 0, 150], [261, 0, 0, 87], [0, 0, 139, 98], [99, 0, 0, 170], [0, 0, 0, 207], [0, 0, 257, 195], [243, 0, 0, 357], [225, 0, 91, 577], [254, 0, 0, 40], [92, 0, 0, 127], [0, 0, 15, 204], [0, 0, 129, 173], [368, 0, 0, 166], [322, 0, 0, 99], [158, 0, 59, 60], [186, 0, 0, 174], [170, 0, 1, 142], [525, 0, 0, 634], [165, 0, 0, 390], [188, 0, 0, 38], [0, 0, 3, 136], [114, 0, 0, 139], [56, 0, 11, 259], [476, 3, 2, 282], [91, 0, 16, 209], [15, 0, 0, 113], [71, 0, 48, 67], [36, 0, 0, 138], [0, 0, 53, 173], [95, 0, 8, 96], [0, 0, 112, 387], [91, 0, 0, 46], [287, 0, 0, 39], [102, 0, 0, 142], [246, 6, 0, 105], [192, 0, 136, 40], [20, 0, 0, 136], [366, 0, 5, 549], [0, 0, 0, 253], [311, 0, 0, 97], [488, 7, 0, 454], [93, 0, 0, 436], [406, 0, 0, 214], [96, 0, 0, 204], [582, 0, 1, 192], [653, 1, 0, 104], [205, 0, 0, 221], [263, 0, 0, 162], [23, 0, 0, 27], [168, 3, 0, 94], [273, 0, 300, 132], [147, 0, 7, 188]]
F-1 = 0.9751588333333332
F-B = 0.9878026666666667
G   = 0.9166666666666666
Det = 96.64618666666667
FBs = [1.0, 0.9991187486230447, 1.0, 1.0, 0.9963931469792606, 0.9940017137960583, 1.0, 1.0, 1.0, 1.0, 1.0, 1.0, 1.0, 1.0, 1.0, 0.9251644736842105, 1.0, 1.0, 1.0, 1.0, 1.0, 1.0, 0.9305064782096584, 1.0, 0.9988249118683903, 1.0, 1.0, 1.0, 1.0, 1.0, 0.9621993127147765, 0.9941520467836258, 0.9660297239915074, 1.0, 0.8808933002481389, 1.0, 1.0, 0.9834368530020704, 1.0, 1.0, 1.0, 1.0, 0.9808612440191387, 0.8759124087591241, 1.0, 0.9972752043596729, 1.0, 1.0, 0.9886547811993517, 1.0, 1.0, 1.0, 0.9996564754379939, 0.9987763842153564, 1.0, 1.0, 1.0, 0.9859154929577464, 0.8198198198198199, 0.9905660377358492]
Sub = []
SEN = 0.9988520000000001
SPE = 0.9054689999999999
BAC = 0.9521605
ACC = 0.9257031666666666
PPV = 0.8155186666666666
NPV = 0.9978155000000001
