[[0, 0, 117, 382], [165, 0, 0, 390], [525, 0, 0, 634], [485, 10, 0, 454], [261, 0, 0, 87], [654, 0, 0, 104], [0, 0, 32, 195], [0, 0, 147, 155], [905, 3, 0, 243], [0, 0, 0, 207], [147, 0, 8, 187], [306, 16, 0, 99], [20, 0, 3, 133], [252, 0, 0, 105], [273, 0, 295, 137], [245, 9, 0, 40], [0, 0, 147, 115], [556, 0, 0, 120], [91, 0, 0, 46], [368, 0, 0, 166], [0, 0, 333, 119], [263, 0, 0, 162], [0, 0, 31, 188], [192, 0, 135, 41], [366, 0, 5, 549], [95, 0, 0, 104], [232, 0, 6, 232], [0, 0, 2, 137], [157, 1, 69, 50], [0, 0, 22, 204], [222, 0, 0, 147], [56, 0, 9, 261], [0, 0, 0, 253], [36, 0, 0, 138], [168, 3, 0, 94], [71, 0, 78, 37], [205, 0, 0, 221], [186, 0, 0, 174], [15, 0, 0, 113], [93, 0, 0, 436], [0, 0, 139, 98], [8, 0, 0, 99], [102, 0, 0, 142], [114, 0, 0, 139], [170, 0, 2, 141], [291, 0, 0, 150], [243, 0, 0, 357], [96, 0, 0, 204], [287, 0, 0, 39], [188, 0, 0, 38], [99, 0, 0, 170], [582, 0, 0, 193], [91, 0, 5, 220], [378, 0, 0, 100], [23, 0, 0, 27], [311, 0, 0, 97], [405, 1, 0, 214], [477, 2, 0, 284], [225, 0, 79, 589], [92, 0, 0, 127]]
F-1 = 0.9735434999999998
F-B = 0.9861513333333334
G   = 0.9166666666666666
Det = 96.53059333333334
FBs = [1.0, 1.0, 1.0, 0.9837728194726165, 1.0, 1.0, 1.0, 1.0, 0.9973550804496363, 1.0, 0.9892328398384928, 0.9598494353826852, 0.970873786407767, 1.0, 0.8222891566265059, 0.9714512291831878, 1.0, 1.0, 1.0, 1.0, 1.0, 1.0, 1.0, 0.8767123287671234, 0.9972752043596729, 1.0, 0.994854202401372, 1.0, 0.9149184149184149, 1.0, 1.0, 0.9688581314878894, 1.0, 1.0, 0.9859154929577464, 0.8198614318706697, 1.0, 1.0, 1.0, 1.0, 1.0, 1.0, 1.0, 1.0, 0.9976525821596244, 1.0, 1.0, 1.0, 1.0, 1.0, 1.0, 1.0, 0.9891304347826088, 1.0, 1.0, 1.0, 0.9980285855101034, 0.9966569160050146, 0.9343853820598007, 1.0]
Sub = []
SEN = 0.9976811666666667
SPE = 0.9001180000000001
BAC = 0.9488999999999999
ACC = 0.9207741666666666
PPV = 0.8143478333333333
NPV = 0.9930211666666667
