[[243, 0, 0, 357], [205, 0, 0, 221], [0, 0, 147, 115], [93, 0, 2, 434], [99, 0, 0, 170], [525, 0, 0, 634], [252, 2, 0, 40], [378, 0, 2, 98], [582, 0, 4, 189], [8, 0, 0, 99], [95, 0, 3, 101], [168, 3, 0, 94], [0, 0, 55, 171], [71, 0, 53, 62], [225, 0, 133, 535], [192, 0, 156, 20], [308, 14, 0, 99], [165, 0, 0, 390], [0, 0, 121, 378], [252, 0, 0, 105], [23, 0, 0, 27], [36, 0, 0, 138], [0, 0, 278, 174], [158, 0, 89, 30], [91, 0, 0, 46], [261, 0, 0, 87], [91, 0, 16, 209], [273, 0, 329, 103], [0, 0, 139, 98], [0, 0, 4, 135], [287, 0, 0, 39], [232, 0, 7, 231], [0, 0, 0, 207], [0, 0, 19, 200], [185, 1, 0, 174], [0, 0, 58, 169], [15, 0, 0, 113], [147, 0, 11, 184], [311, 0, 0, 97], [291, 0, 0, 150], [56, 0, 20, 250], [654, 0, 0, 104], [263, 0, 0, 162], [92, 0, 0, 127], [406, 0, 0, 214], [0, 0, 0, 253], [114, 0, 0, 139], [485, 10, 0, 454], [556, 0, 0, 120], [368, 0, 0, 166], [188, 0, 0, 38], [895, 13, 0, 243], [96, 0, 0, 204], [20, 0, 4, 132], [477, 2, 0, 284], [366, 0, 5, 549], [170, 0, 0, 143], [222, 0, 0, 147], [0, 0, 137, 165], [102, 0, 0, 142]]
F-1 = 0.9690838333333335
F-B = 0.9843788333333333
G   = 0.9
Det = 95.90651833333334
FBs = [1.0, 1.0, 1.0, 0.9957173447537475, 1.0, 1.0, 0.9936908517350158, 0.9989429175475687, 0.998627316403569, 1.0, 0.9937238493723851, 0.9859154929577464, 1.0, 0.8700980392156863, 0.8942766295707473, 0.8602150537634409, 0.9649122807017544, 1.0, 1.0, 1.0, 1.0, 1.0, 1.0, 0.8987485779294653, 1.0, 1.0, 0.9660297239915074, 0.8057851239669422, 1.0, 1.0, 1.0, 0.9940017137960583, 1.0, 1.0, 0.9956942949407965, 1.0, 1.0, 0.9852546916890079, 1.0, 1.0, 0.9333333333333333, 1.0, 1.0, 1.0, 1.0, 1.0, 1.0, 0.9837728194726165, 1.0, 1.0, 1.0, 0.9885133642588912, 1.0, 0.9615384615384615, 0.9966569160050146, 0.9972752043596729, 1.0, 1.0, 1.0, 1.0]
Sub = []
SEN = 0.9981171666666667
SPE = 0.8921241666666667
BAC = 0.9451206666666666
ACC = 0.9164031666666667
PPV = 0.8147838333333334
NPV = 0.9952088333333333
