[[158, 0, 82, 37], [95, 0, 4, 100], [0, 0, 32, 187], [188, 0, 0, 38], [0, 0, 147, 115], [246, 8, 0, 40], [0, 0, 159, 143], [378, 0, 0, 100], [0, 0, 53, 173], [654, 0, 0, 104], [908, 0, 0, 243], [205, 0, 0, 221], [0, 0, 59, 168], [0, 0, 139, 98], [92, 0, 0, 127], [493, 2, 0, 454], [225, 0, 116, 552], [476, 3, 5, 279], [15, 0, 3, 110], [406, 0, 0, 214], [23, 0, 0, 27], [291, 0, 0, 150], [287, 0, 0, 39], [71, 0, 113, 2], [20, 0, 14, 122], [322, 0, 0, 99], [186, 0, 0, 174], [0, 0, 0, 253], [222, 0, 0, 147], [93, 0, 0, 436], [232, 0, 9, 229], [114, 0, 0, 139], [0, 0, 2, 205], [56, 0, 15, 255], [0, 0, 328, 124], [311, 0, 0, 97], [168, 3, 0, 94], [165, 0, 0, 390], [243, 0, 0, 357], [245, 7, 0, 105], [102, 0, 0, 142], [582, 0, 4, 189], [8, 0, 0, 99], [0, 0, 122, 377], [261, 0, 0, 87], [263, 0, 0, 162], [273, 0, 381, 51], [192, 0, 141, 35], [36, 0, 0, 138], [0, 0, 5, 134], [147, 0, 13, 182], [525, 0, 0, 634], [91, 0, 0, 46], [96, 0, 0, 204], [366, 2, 0, 166], [170, 0, 2, 141], [91, 0, 11, 214], [99, 0, 0, 170], [365, 1, 8, 546], [556, 0, 0, 120]]
F-1 = 0.9630931666666667
F-B = 0.9811481666666666
G   = 0.8833333333333333
Det = 95.18037166666666
FBs = [0.9059633027522935, 0.9916492693110647, 1.0, 1.0, 1.0, 0.9746434231378762, 1.0, 1.0, 1.0, 1.0, 1.0, 1.0, 1.0, 1.0, 1.0, 0.9967650626769106, 0.9065269943593876, 0.9929078014184397, 0.9615384615384615, 1.0, 1.0, 1.0, 1.0, 0.7585470085470085, 0.8771929824561404, 1.0, 1.0, 1.0, 1.0, 1.0, 0.992301112061591, 1.0, 1.0, 0.9491525423728814, 1.0, 1.0, 0.9859154929577464, 1.0, 1.0, 0.9776536312849161, 1.0, 0.998627316403569, 1.0, 1.0, 1.0, 1.0, 0.781786941580756, 0.8719346049046321, 1.0, 1.0, 0.982620320855615, 1.0, 1.0, 1.0, 0.9956474428726876, 0.9976525821596244, 0.9763948497854078, 1.0, 0.9934676102340771, 1.0]
Sub = []
SEN = 0.9984120000000001
SPE = 0.8782923333333333
BAC = 0.9383523333333337
ACC = 0.9057585
PPV = 0.8150786666666667
NPV = 0.9951856666666667
