[[553, 3, 0, 120], [0, 0, 106, 393], [261, 0, 0, 87], [20, 0, 3, 133], [288, 3, 0, 150], [525, 0, 0, 634], [23, 0, 0, 27], [147, 0, 12, 183], [0, 0, 124, 178], [356, 10, 2, 552], [91, 0, 0, 46], [260, 3, 0, 162], [580, 2, 1, 192], [232, 22, 0, 40], [787, 121, 0, 243], [222, 0, 0, 147], [72, 30, 0, 142], [0, 0, 17, 209], [169, 1, 10, 133], [192, 0, 140, 36], [0, 0, 147, 115], [225, 0, 92, 576], [184, 2, 0, 174], [483, 12, 0, 454], [242, 1, 0, 357], [150, 8, 69, 50], [98, 1, 0, 170], [363, 5, 0, 166], [378, 0, 0, 100], [405, 1, 0, 214], [106, 216, 0, 99], [96, 0, 0, 204], [95, 0, 0, 104], [473, 6, 3, 281], [188, 0, 0, 38], [273, 0, 297, 135], [232, 0, 10, 228], [0, 0, 139, 98], [36, 0, 0, 138], [92, 0, 0, 127], [215, 37, 0, 105], [0, 0, 255, 197], [87, 6, 0, 436], [0, 0, 8, 131], [56, 0, 7, 263], [0, 0, 30, 189], [15, 0, 2, 111], [71, 0, 79, 36], [646, 8, 0, 104], [168, 3, 0, 94], [0, 0, 0, 207], [164, 1, 0, 390], [280, 7, 0, 39], [0, 0, 29, 198], [205, 0, 0, 221], [8, 0, 0, 99], [107, 7, 0, 139], [91, 0, 6, 219], [0, 0, 0, 253], [311, 0, 0, 97]]
F-1 = 0.9548461666666667
F-B = 0.9625258333333335
G   = 0.8166666666666667
Det = 91.87680833333334
FBs = [0.9956787900612172, 1.0, 1.0, 0.970873786407767, 0.9917355371900827, 1.0, 1.0, 0.9839357429718876, 1.0, 0.9769484083424809, 1.0, 0.9908536585365854, 0.9969061533172913, 0.9294871794871794, 0.8904729576827336, 1.0, 0.75, 1.0, 0.9837019790454017, 0.8727272727272728, 1.0, 0.9244042728019721, 0.9913793103448276, 0.9805115712545677, 0.9967051070840198, 0.881316098707403, 0.9919028340080973, 0.9891008174386922, 1.0, 0.9980285855101034, 0.3802008608321378, 1.0, 1.0, 0.9887123745819397, 1.0, 0.8212996389891698, 0.9914529914529915, 1.0, 1.0, 1.0, 0.8789860997547017, 1.0, 0.9477124183006534, 1.0, 0.9756097560975611, 1.0, 0.9740259740259741, 0.8179723502304147, 0.9901900674432863, 0.9859154929577464, 1.0, 0.9951456310679612, 0.9803921568627451, 1.0, 1.0, 1.0, 0.9502664298401421, 0.9869848156182213, 1.0, 1.0]
Sub = []
SEN = 0.9715008333333334
SPE = 0.9015846666666666
BAC = 0.9365428333333333
ACC = 0.9068025
PPV = 0.7881675
NPV = 0.9589536666666666
